0.248288 2.08192 2.77543e-05 358.737 278.168
0.251109 2.08189 0.00058328 358.655 278.087
0.245546 2.0822 -0.000280902 358.513 278.021
0.247906 2.08224 -0.000442553 358.27 277.873
0.24569 2.08222 5.33785e-05 358.066 277.923
0.248328 2.08236 0.000483883 357.808 278.089
0.245036 2.08241 0.000542377 357.806 278.091
0.242803 2.08192 0.00025163 357.541 278.207
0.242555 2.08096 0.000568459 357.209 278.348
0.240522 2.0802 0.00104626 356.83 278.217
0.237217 2.08001 0.00212479 356.056 278.067
0.231497 2.07933 0.000697739 355.285 278.152
0.225865 2.07975 0.000771726 354.741 278.115
0.229193 2.07941 0.00119014 353.613 278.122
0.221895 2.07949 0.000780989 352.893 278.103
0.217507 2.07995 0.000689933 352.136 278.476
0.209193 2.08002 -0.000369462 351.107 278.143
0.207755 2.07973 0.0008505 350.204 278.727
0.201197 2.07905 -0.00012659 349.261 278.318
0.199007 2.07976 0.00161699 348.331 278.655
0.199749 2.07932 0.00330815 347.627 278.422
0.194577 2.07959 0.00146409 346.868 278.304
0.192711 2.08006 0.000639532 346.384 278.651
0.193845 2.08078 0.00101653 346.291 278.621
0.194015 2.08055 0.000194065 346.307 278.437
0.192847 2.08219 0.0010506 346.224 278.326
0.188753 2.08327 0.000238288 346.132 278.291
0.191876 2.08276 3.69733e-05 345.937 278.283
0.187778 2.08363 0.000742044 345.629 278.305
0.18867 2.08327 0.000339559 345.06 278.405
0.182864 2.08291 0.000448923 344.554 278.736
0.180168 2.08316 7.38676e-05 344.156 278.749
0.173812 2.08244 0.000175217 343.478 278.468
0.177636 2.08098 0.000301728 342.827 278.634
0.170321 2.08081 0.000701464 341.882 278.539
0.167123 2.08001 0.00173372 340.701 278.725
0.161167 2.08079 0.00331492 339.683 278.392
0.160334 2.07981 0.00172006 338.773 278.716
0.15382 2.07957 0.00111912 338.103 278.713
0.154297 2.07883 0.00229715 337.454 278.598
0.152029 2.07897 0.00544279 336.979 278.715
0.14698 2.07797 0.00521124 336.3 278.869
0.142999 2.07731 0.00679887 335.208 278.652
0.139796 2.07692 0.00888999 334.308 279.027
0.129385 2.0769 0.0111132 332.77 278.981
0.125272 2.07738 0.017849 330.966 278.757
0.111877 2.07694 0.0190091 329.199 278.657
0.108449 2.07698 0.0194993 327.434 278.663
0.100284 2.07709 0.0203764 325.779 278.721
0.088899 2.07799 0.0185005 324.01 278.559
0.0815289 2.07921 0.0188054 322.346 278.46
0.0764725 2.07944 0.0185601 320.421 278.154
0.0664286 2.08118 0.0200001 318.643 277.883
0.0571543 2.08119 0.013058 317.32 277.892
0.052282 2.08222 0.00892353 315.98 277.663
0.0453124 2.08386 0.0110003 314.114 277.501
0.0357242 2.08489 0.00851904 312.175 277.483
0.0289015 2.08498 0.00255629 310.355 277.424
0.0211037 2.08681 0.00164862 308.787 277.429
0.0158857 2.08845 0.000472753 307.043 277.538
0.00534893 2.09021 0.000202542 305.358 277.612
-0.00213031 2.09306 0.000863688 303.44 277.632
-0.00855633 2.09573 0.000587185 301.695 277.499
-0.0172917 2.09732 -0.000937855 300.008 277.512
-0.0254096 2.10021 0.000653768 298.461 277.522
-0.0329317 2.10392 0.000448076 297.011 277.411
-0.0394682 2.10559 0.000303068 295.404 277.278
-0.0445675 2.10753 0.000275062 293.786 277.327
-0.0510174 2.10973 -0.00012515 292.876 277.487
-0.0556093 2.112 0.000221554 291.341 277.678
-0.0613017 2.1138 0.000490977 290.6 277.883
-0.0632687 2.11495 0.00025341 289.648 277.927
-0.0651111 2.11644 0.000378392 289.141 278.411
-0.0672926 2.11747 0.000725172 288.947 278.633
-0.0627026 2.11881 -5.94304e-05 288.829 278.819
-0.0655032 2.11816 0.000474163 288.716 278.754
-0.0637278 2.11685 4.1546e-05 288.623 278.593
-0.0632729 2.11409 -0.000598526 288.549 278.448
-0.0660682 2.11147 0.000599776 288.321 278.266
-0.070205 2.11289 0.00145258 287.478 277.411
-0.0698025 2.11345 0.00264562 286.972 277.035
-0.0687812 2.11642 0.00395072 286.916 276.569
-0.0709729 2.11773 0.00343373 287.165 276.426
-0.0707826 2.11925 0.00398115 287.095 276.188
-0.070843 2.12149 0.00428178 287.128 275.847
-0.0678713 2.12425 0.00469726 287.198 275.993
-0.0692664 2.12561 0.00391632 287.391 276.314
-0.0672968 2.12536 0.00332785 287.548 276.573
-0.068601 2.12607 0.0044282 287.626 276.689
-0.0675823 2.12462 0.00354743 287.493 277.092
-0.071819 2.12328 0.00177745 287.42 277.61
-0.0729619 2.12086 0.00040545 287.318 278.005
-0.0782051 2.11788 -0.000292124 286.169 278.147
-0.0881858 2.11538 -0.000431915 284.737 278.593
-0.101298 2.11275 -0.000331085 282.217 278.858
-0.114562 2.1093 -0.00622741 279.302 279.263
-0.130264 2.10863 -0.00807235 275.609 280.19
-0.144934 2.10519 -0.0119229 272.22 281.53
-0.161137 2.10058 -0.0118969 268.584 282.021
-0.174519 2.09382 -0.0125658 265 282.456
-0.189 2.08908 -0.0121453 262.017 282.329
-0.202143 2.08649 -0.0123013 259.446 282.343
-0.21058 2.0867 -0.0119968 257.174 282.383
-0.219592 2.08669 -0.0119648 255.453 282.108
-0.226399 2.08712 -0.0117619 253.892 281.818
-0.233785 2.0874 -0.0110012 252.065 281.679
-0.24414 2.08794 -0.00973812 250.591 281.643
-0.251811 2.08731 -0.00899537 248.706 281.697
-0.261286 2.08643 -0.0108623 246.455 281.793
-0.27149 2.08429 -0.0116086 244.268 281.844
-0.28195 2.08276 -0.0116803 241.77 281.814
-0.292872 2.08205 -0.011214 239.113 282.003
-0.302402 2.08154 -0.0124822 236.775 282.03
-0.313556 2.08094 -0.0134005 234.641 282.227
-0.320557 2.0802 -0.0153883 232.852 282.351
-0.329186 2.08013 -0.0158212 231.43 282.255
-0.337117 2.0792 -0.0157844 229.775 282.449
-0.344162 2.07759 -0.017003 228.025 282.544
-0.350385 2.0762 -0.0189615 226.617 282.535
-0.358929 2.07439 -0.0191922 225.348 282.531
-0.363759 2.07261 -0.0205403 223.832 282.681
-0.373811 2.0712 -0.0206526 222.176 282.853
-0.38111 2.06935 -0.0218071 220.841 283.053
-0.387552 2.06786 -0.0217249 219.382 282.93
-0.392933 2.06702 -0.0227093 217.492 282.768
-0.401522 2.06736 -0.0199731 215.935 282.895
-0.408956 2.06631 -0.0199288 214.244 282.915
-0.417058 2.06512 -0.0199908 212.418 282.826
-0.42466 2.06491 -0.0200784 210.623 282.912
-0.431028 2.0636 -0.0202122 208.963 283.267
-0.439379 2.06227 -0.0214038 207.385 283.94
-0.4451 2.0605 -0.021466 205.824 283.952
-0.44934 2.05926 -0.0210199 204.969 283.859
-0.452563 2.05773 -0.0204217 203.707 283.525
-0.454196 2.05714 -0.0199482 203.095 283.497
-0.456948 2.05731 -0.0187801 202.439 283.482
-0.461014 2.0564 -0.0186257 201.756 283.351
-0.465148 2.05516 -0.0189298 200.713 283.265
-0.469092 2.05521 -0.0183378 199.932 283.294
-0.471484 2.05422 -0.0182155 198.917 282.996
-0.476763 2.05292 -0.0172366 198.095 283.161
-0.47864 2.05129 -0.0179759 197.665 282.855
-0.480809 2.04963 -0.0174451 196.686 282.806
-0.484683 2.047 -0.0178328 195.906 282.567
-0.488843 2.04421 -0.0170413 194.985 282.505
-0.49388 2.04208 -0.0168235 193.737 282.173
-0.496999 2.03974 -0.0176151 193.187 282.315
-0.500669 2.03903 -0.0176791 192.034 282.437
-0.504319 2.03834 -0.0182368 191.483 282.597
-0.504701 2.03723 -0.0188816 191.023 283.073
-0.508239 2.03728 -0.0187221 190.529 283.125
-0.514722 2.03832 -0.0185191 189.015 283.498
-0.520862 2.04016 -0.0182675 187.605 283.707
-0.529426 2.04095 -0.0175845 185.826 283.648
-0.53239 2.04243 -0.0175421 184.374 283.703
-0.536377 2.04376 -0.0175148 183.723 283.507
-0.53988 2.04385 -0.0173623 183.045 283.39
-0.543393 2.04308 -0.0177684 182.249 283.541
-0.546969 2.04239 -0.0175123 181.604 283.807
-0.550985 2.04163 -0.0178667 180.482 283.781
-0.554573 2.04072 -0.0180444 179.693 284
-0.555585 2.03964 -0.0175002 179.307 283.949
-0.557477 2.03757 -0.0167043 178.878 283.153
-0.560187 2.03773 -0.0164961 178.177 282.91
-0.56355 2.03774 -0.0148059 177.587 282.305
-0.568825 2.03746 -0.0145233 176.781 282.439
-0.573242 2.03844 -0.0135189 175.357 282.036
-0.580071 2.03957 -0.0132049 174.641 281.724
-0.585009 2.03998 -0.0131268 172.976 281.547
-0.589083 2.04064 -0.0127787 172.284 281.154
-0.592264 2.04114 -0.0123805 171.045 281.092
-0.597104 2.04178 -0.0122165 170.48 281.165
-0.601405 2.04207 -0.0116648 169.349 281.293
-0.605418 2.0451 -0.0115545 168.713 281.165
-0.611373 2.04525 -0.0122742 167.302 281.174
-0.613267 2.04571 -0.0118289 166.878 281.381
-0.613562 2.04555 -0.0134033 166.297 281.675
-0.612305 2.04482 -0.0145522 166.396 281.826
-0.606743 2.04472 -0.0145432 166.779 281.961
-0.601208 2.0438 -0.0145785 168.261 282.237
-0.593043 2.04278 -0.0141737 170.072 282.049
-0.586891 2.04324 -0.0150264 171.736 282.002
-0.581941 2.04448 -0.0142969 172.558 281.717
-0.574719 2.04559 -0.0143352 173.757 281.783
-0.569459 2.04675 -0.014328 175.658 281.794
-0.559597 2.04854 -0.0131614 177.615 281.692
-0.549668 2.0509 -0.0137473 179.744 281.505
-0.539873 2.05363 -0.0121126 182.018 281.336
-0.52889 2.05625 -0.00965387 184.418 280.958
-0.517336 2.05845 -0.00795445 187.164 280.157
-0.506034 2.05979 -0.00588129 189.953 280.04
-0.492533 2.06098 -0.00599503 192.776 279.776
-0.479704 2.06272 -0.00609156 195.695 279.737
-0.465185 2.06341 -0.0055675 198.582 279.664
-0.453573 2.06478 -0.00488805 201.69 279.503
-0.437842 2.06586 -0.00564048 205.005 279.442
-0.424481 2.06712 -0.00566994 208.126 279.301
-0.4133 2.06913 -0.00326397 210.752 279.421
-0.400073 2.07129 -0.00303458 214.002 279.33
-0.388971 2.07335 -0.00400932 216.515 279.27
-0.374286 2.07547 -0.00597232 218.895 279.602
-0.360262 2.07643 -0.00565655 222.221 279.619
-0.343231 2.07735 -0.0054964 225.548 279.555
-0.328459 2.07903 -0.00512518 228.771 279.665
-0.31312 2.08009 -0.00461448 232.061 279.772
-0.297261 2.08084 -0.00600175 235.484 279.932
-0.280904 2.08167 -0.00521773 239.114 280.007
-0.265384 2.08323 -0.00661596 244.422 279.96
-0.250606 2.08526 -0.00561928 248.289 280.162
-0.233192 2.08878 -0.00588181 252.163 280.111
-0.216102 2.09254 -0.00521052 255.93 280.224
-0.199784 2.0968 -0.00489633 259.724 280.666
-0.179034 2.10176 -0.00498259 263.45 280.926
-0.166754 2.10837 0.000659439 267.527 280.837
-0.151435 2.11176 0.00100061 271.404 280.673
-0.131713 2.11339 -0.000472077 275.053 280.52
-0.115343 2.11412 -0.000130339 278.756 280.013
-0.0999944 2.11448 0.000687648 281.705 279.795
-0.0841606 2.11425 0.00057377 284.651 279.6
-0.0721462 2.11399 -9.91637e-05 287.714 279.696
-0.0621637 2.11514 0.000117571 290.111 280.347
-0.0489473 2.11609 -5.93051e-05 292.364 280.722
-0.0407738 2.1162 0.000528598 294.848 281.03
-0.029411 2.11583 0.00118931 297.393 281.358
-0.0152829 2.11413 0.000276871 299.985 281.363
-0.00594636 2.11269 0.00069857 302.266 281.554
0.00699995 2.11211 0.000422028 304.513 281.407
0.0166283 2.11166 -0.000434051 306.686 281.381
0.0247384 2.11172 0.000335148 308.588 281.153
0.034846 2.11107 0.000993352 310.514 281.014
0.0436595 2.11062 0.00064901 312.395 280.665
0.0506931 2.11099 0.000804998 314.272 280.66
0.061354 2.11168 1.38555e-05 316.362 280.827
0.0726783 2.11266 0.000854561 318.633 281.101
0.0837725 2.11395 0.000111451 320.901 281.487
0.094745 2.11383 -0.000271558 323.261 281.839
0.106519 2.11357 -0.00114666 325.981 281.991
0.118146 2.11283 -0.00250908 328.47 281.87
0.130821 2.1117 0.00036188 331.065 281.28
0.14036 2.10964 0.000307041 333.216 280.857
0.149536 2.10728 -0.000239559 335.255 280.857
0.158446 2.10667 -0.000217889 337.175 281.304
0.164436 2.10536 -7.89038e-05 338.761 281.478
0.171971 2.10402 -0.00216083 340.083 281.963
0.178188 2.10054 -0.00783036 341.266 281.939
0.183765 2.09862 -0.00938934 342.149 281.963
0.183604 2.09718 -0.0076877 342.84 281.724
0.186369 2.09455 -0.00716968 343.688 281.812
0.189902 2.09416 -0.00700145 344.156 281.536
0.193441 2.09246 -0.00775519 344.831 281.57
0.198707 2.0918 -0.0111412 345.753 281.793
0.203088 2.09156 -0.0130172 346.101 281.776
0.203332 2.09113 -0.0147571 346.38 282.125
0.204166 2.09097 -0.0142812 346.144 282.318
0.201239 2.09107 -0.0151456 345.783 282.479
0.198538 2.09128 -0.0155916 345.58 282.588
0.19651 2.09277 -0.0165621 345.186 282.875
